image: dtotrentfullmod.pgm
resolution: 0.050000
origin: [-45.146427, -128.480579, 0.000000]
negate: 0
occupied_thresh: 0.65
free_thresh: 0.196

