image: f1mod.pgm
resolution: 0.050000
origin: [-33.093049, -17.143177, 0.000000]
negate: 0
occupied_thresh: 0.65
free_thresh: 0.196

